12.3128819642924
16.7202015793277
7.34289384307984
-8.08811215910458
-16.8510399350981
-11.7214733601797
3.07162158259258
15.3323810939221
14.9526733964782
2.24554071566957
-12.3128819642924
-16.7202015793277
-7.34289384307994
8.08811215910448
16.8510399350981
11.7214733601799
-3.07162158259235
-15.3323810939220
-14.9526733964781
-2.24554071566967
12.3128819642923
16.7202015793277
7.34289384308003
-8.08811215910438
-16.8510399350980
-11.7214733601800
3.07162158259225
15.3323810939219
14.9526733964783
2.24554071567002
-12.3128819642921
-16.7202015793278
-7.34289384308035
8.08811215910408
16.8510399350980
11.7214733601802
-3.07162158259238
-15.3323810939220
-14.9526733964783
-2.24554071566989
12.3128819642921
16.7202015793277
7.34289384308023
-8.08811215910419
-16.8510399350980
-11.7214733601801
3.07162158259203
15.3323810939218
14.9526733964784
2.24554071567024
-12.3128819642919
-16.7202015793278
-7.34289384308054
8.08811215910389
16.8510399350980
11.7214733601804
-3.07162158259169
-15.3323810939217
-14.9526733964786
-2.24554071567058
12.3128819642917
16.7202015793279
7.34289384308086
-8.08811215910358
-16.8510399350979
-11.7214733601806
3.07162158259134
15.3323810939215
14.9526733964787
2.24554071567093
-12.3128819642914
-16.7202015793281
-7.34289384308117
8.08811215910242
16.8510399350979
11.7214733601816
-3.07162158259100
-15.3323810939210
-14.9526733964789
-2.24554071567223
12.3128819642912
16.7202015793282
7.34289384308149
-8.08811215910211
-16.8510399350978
-11.7214733601818
3.07162158259066
15.3323810939208
14.9526733964791
2.24554071567258
-12.3128819642909
-16.7202015793282
-7.34289384308181
8.08811215910180
16.8510399350978
11.7214733601821
-3.07162158259031
-15.3323810939207
-14.9526733964793
-2.24554071567293
