52.5904413353606
-44.2028521243831
-10.9842453618219
32.9253966150355
-60.5326695628473
36.0104417681828
-5.88679483308008
19.5613512226160
32.1940829504401
-23.7696873233836
52.0266311656365
-9.98679963483343
1.97289497751209
25.6235758878564
-34.0619631313503
18.0464491693503
-14.7296029144676
-37.1810108563989
46.3951291854755
-58.8940551324980
9.13962555101278
11.7838575615429
-39.0897168404461
50.0750631120122
-3.67168532166455
19.2953170579962
25.1246829175147
-39.5046840147831
34.1969165080575
1.60996613365612
-11.5301755861924
24.9308528440559
-46.7438161410938
34.9032379645914
-4.97611777433355
-16.2784159446927
62.8776666916716
-52.7463163171247
27.2807354481828
33.7634032727166
-13.1366896021414
33.4237461067674
-25.7975936814503
9.24968782524794
29.2242175518076
-61.7457662973701
28.9218914136717
-34.5082358982125
-10.7962332309918
35.2290586254122
-23.2177523740303
9.09756119644999
-15.7076549275145
-9.80563414614111
16.5646465073321
-34.5553597684418
35.6463039383236
4.89796738585014
-49.0030669807618
18.1133250008276
-39.4455003522275
21.8177368886266
35.1578295894041
-54.6346746011390
52.2017229759990
-8.79095754648034
-5.40774409590182
23.9453729926992
-19.2286202745605
29.0270797274951
8.37824596580421
-18.1332353073087
12.8016469104891
-44.2769572308556
29.7419162762916
-21.8188129647723
-7.10463862890867
48.4539185709733
-49.4017527004244
6.60646338103281
3.82943640637186
-55.3384514326615
51.8982134647284
-41.6215623418520
25.9228364774189
42.2233238841419
-54.4332816491620
43.6205280264315
-14.2003607504337
6.87229277752032
35.3231259775069
-47.2151949264254
36.2652537323445
-9.43869348881740
-10.1376606701783
31.7151507380203
-59.1484948480702
4.30885813881852
28.7007632233564
-33.9199241077364
33.8391084846697
-37.1377281164177
21.0398543561070
23.1882591571176
-41.2581785511600
59.7688581136125
-25.9741222527065
10.1685430297370
5.29170636311558
-17.7375577500117
12.0120321740360
-17.0686239592945
-3.74361680998644
15.0315218445138
-52.7865198872780
26.3051230631221
-2.01204654017149
-28.9838829199501
41.4674878665994
-19.5797679469782
-10.4862447354827
18.6067633277038
-43.3600439966176
29.3183686921141
-19.7135003046215
-3.65176533220587
1.82582138009270
-21.9107164282463
17.1468822110702
-7.42348438823817
-18.5254599357919
48.2992739273356
-34.2145619181619
41.2668856129851
12.0488335178066
-16.2782051348639
53.8157265477579
-35.1142864870739
5.05052576602554
6.38902106848468
-28.1972659352866
64.2210534268608
-52.4910152538364
-19.1595942854429
25.9174574428191
-28.0172239535204
43.0940268499037
-44.6181011375473
-10.0608680022502
43.1994256017527
-60.6685119079413
18.7056447864815
11.3923637801257
-13.7891971442376
30.9090560151709
-37.7974413457658
20.5459463222006
18.1671563876640
-6.80200113083686
25.0940854350661
-12.0888608008647
-0.660543160637157
13.2896450215799
-56.4912629885370
49.8360522333671
-0.824631411851414
12.3575060818365
18.8743790125446
-15.9595415685010
58.9262686678228
-24.6281459753876
-15.6192549011408
31.1991894781731
-59.9122276265193
26.6630237027916
14.6329287607744
-26.9880329191483
51.7806199335976
-44.5623600835824
-5.16623241400524
4.32414683521787
-33.2595110822734
59.7936383404010
-28.7302566184093
-5.72535397964004
1.09869527251481
-55.1168762134186
35.2759328639302
-1.57130073244945
-12.5471858502815
19.4811877154713
-38.6209398077321
26.7196819705380
-0.390275800358293
-11.8284706464217
62.2043094133085
-14.8684003588441
12.8628054589936
31.1947530675993
-10.3950817189825
34.5100842196319
-26.4941015881906
11.1487898590088
33.2327679210965
-28.1803396802127
20.4249815652878
-32.9786491205425
-16.4123716860902
11.9892785400919
-48.4805861497845
47.9345145552082
4.95594632939162
4.67455288170937
38.6455814028002
-63.4348868050306
6.27028572186075
18.6951221893271
-31.7505845021125
56.9146484245005
-22.0653595902829
0.420578563333150
35.9264177096626
-35.1445780643194
16.1923851620597
-47.9311250038430
3.31767665576626
47.9954318981221
-55.4155799523144
17.0333970234720
6.17716744026155
-8.20553176920612
54.3276781329798
-29.1719044024661
3.56843761813203
13.5675207515661
-3.51568052856769
40.7067564419697
-59.3211457581379
0.0159919355539415
16.7086169574989
-50.3706568253045
63.3034081632436
-22.1831718140719
24.4506419565153
46.2958548712095
-35.2136045358441
60.3587185417597
3.15854758398407
7.79226979875311
11.6731180851069
-21.5749410160442
9.16702822875488
12.5158394196153
-18.9529079046374
16.9853358088879
-26.8067551768880
11.0434805900641
-12.4624701989987
-11.8707532756942
32.5829915772170
-47.4948111208487
-0.319236641094177
5.71982486433974
-12.6374475677842
33.6969285947361
-33.5314659693815
-26.0148091897085
5.94208747439566
-25.5346374914029
40.2925274523140
-12.1592460444436
0.0397131536459376
21.3174969524112
-27.7275695544976
12.5219141675250
-7.95982564574523
-44.3907843240697
64.8033137333418
-25.3127467581063
-7.71697640626198
31.6613029775866
-27.1487753469146
33.4876993663858
-42.6812890482676
24.1762178635645
16.0877224566189
-27.7965149653690
23.2157295760667
-36.8409104826251
-7.93501481979493
58.1109709803573
-42.9416174206059
44.6655425262381
-19.3814276844918
0.0326135054515326
33.2751106010909
-54.5943762655924
34.6884052979854
11.2981791025872
-43.5964303050457
33.6664917384936
-29.9915636974573
21.8167980530848
14.5749741088230
-37.3399796858994
58.8248868346030
-44.3819045510076
-27.0201658289364
52.6088503067701
-36.8991233376142
55.9166393272543
2.27346184781734
-12.1047020929520
39.9542142368102
-52.9251157241257
36.4532466386995
-4.45791678008382
-44.7969487895429
21.0175394921569
-54.4563801249885
-5.37225513697258
18.8390915855162
-43.6422296097121
49.2220383047839
-20.3430385868778
18.1088103122530
5.50207432487561
-60.2780970874763
38.2537742309432
-31.5800444793624
-34.3921459198822
36.6490528903164
-52.2829120030948
29.9236207550662
11.5187445255113
-7.86823304897325
27.4321021338602
-36.6405048756338
15.8973016243030
-3.11879854905860
-25.2245282389311
49.2664650975919
-35.3364529399672
-12.1063333332991
20.1018861484395
-46.6674023407721
25.3449605879445
-3.35872342705315
-30.3170916914908
33.3430244421035
-39.3879059682042
47.8350153521993
0.899546920569599
-42.7571708562899
36.0319761150114
-32.9014243631826
37.3557147167159
-2.14879598007401
-25.3614642028655
26.7181962097287
-35.1039709914163
16.6596975836102
30.3776811423275
-26.6891267348854
21.5859219600992
-45.3756828197679
9.69025140680019
44.6827748863205
-62.9128642841238
32.7915616850631
3.48268237448795
-25.8132442012555
20.2395561761260
-62.9652532314219
43.8593617211836
16.6381072099719
-22.3249535532366
26.9539637346852
-23.5350103358159
17.2034280805750
13.8218299164657
-50.4130085397295
35.9948665065370
-21.0670201603641
-14.7968984543851
19.2092256109734
-34.1650965076620
38.6561330619775
-23.1230271630220
0.992878498629871
26.3632259584627
-54.2219358662632
49.9108858937374
16.2916677728028
-13.0056562206526
46.5754612473121
-39.1314453040695
41.9453425831470
26.4048013388356
-16.1102540979989
53.0274252413649
-35.2569255204026
28.8170269185583
22.9906457630796
-39.6428020011055
20.4590566237857
-44.0099001582223
-12.3386911590824
32.2189055497626
-21.5455419017994
40.2647732516772
-24.8092229087396
-14.1338270043535
41.7056526095317
-20.7526437276247
21.3402119484010
5.40587757034609
-50.1858817505868
46.2877616535384
-49.0573322997086
6.05301938182423
21.9424589905937
-34.0445623806235
36.7497945664544
-9.29804940486034
8.12185076856918
40.4310393249444
-30.6086249161443
25.4000516638063
-9.09832742259165
-28.8635613207907
13.9720722547411
-57.3808507845073
18.8263074272210
-12.6848019567935
-1.36324496354468
43.3406875075217
-36.0997391022344
16.6814543038122
-0.162270642283485
-12.5727918528961
27.3649364567372
-8.64230326661752
13.9381414824643
35.9695713732547
-57.5103293746701
32.4714692197404
-19.5342081367854
-21.3416616806647
12.4894868308857
-58.3714676432263
10.1338055193997
-19.1309656411047
-37.7311221757466
24.2747570838561
-57.7849383205411
-0.512073899885834
26.9073234375987
-24.7017970809152
24.2687117600942
-53.9511034295064
27.0286283535788
-7.34066266587678
-48.8652234270973
18.4453131458016
-6.46215990594215
-26.0092324360833
9.48350517079489
-63.8712122043227
28.3519516028990
-14.7381696318356
-27.4282825763735
53.7255380539039
-21.4505854849211
7.34160357330971
-0.949090591655624
-14.5445500712995
62.2830156852102
-22.5328842314991
-5.08620118865359
9.18392470495607
-54.4766098805846
28.1001247106425
-20.2913213167243
21.2502939045505
11.5743977954934
-39.2294742332591
54.5107405526579
-7.46263486064628
-4.03412332549267
43.4115467982435
-36.8847413295405
51.2129184000176
18.0292249008080
-9.00858755554293
57.2979319413513
-57.3077248309886
0.00764931998745766
18.3740076233012
-37.3912301230864
